none[0.4884]  arg1_node[0.5090]  arg2_node[0.0026]  arg1_node
none[0.9982]  arg1_node[0.0012]  arg2_node[0.0007]  none
none[0.9159]  arg1_node[0.0831]  arg2_node[0.0011]  none
none[0.9737]  arg1_node[0.0242]  arg2_node[0.0021]  none
none[0.9991]  arg1_node[0.0001]  arg2_node[0.0008]  none
none[0.0770]  arg1_node[0.0003]  arg2_node[0.9227]  arg2_node
none[0.9717]  arg1_node[0.0000]  arg2_node[0.0282]  none
none[0.9978]  arg1_node[0.0000]  arg2_node[0.0022]  none
none[0.9978]  arg1_node[0.0000]  arg2_node[0.0022]  none
none[0.9978]  arg1_node[0.0000]  arg2_node[0.0022]  none
none[0.9717]  arg1_node[0.0000]  arg2_node[0.0282]  none
none[0.9978]  arg1_node[0.0000]  arg2_node[0.0022]  none
none[0.9978]  arg1_node[0.0000]  arg2_node[0.0022]  none
none[0.9978]  arg1_node[0.0000]  arg2_node[0.0022]  none
none[0.9978]  arg1_node[0.0000]  arg2_node[0.0022]  none
none[0.9522]  arg1_node[0.0452]  arg2_node[0.0026]  none
none[0.9950]  arg1_node[0.0013]  arg2_node[0.0037]  none
none[0.9743]  arg1_node[0.0242]  arg2_node[0.0014]  none
none[0.9913]  arg1_node[0.0061]  arg2_node[0.0026]  none
none[0.2969]  arg1_node[0.6983]  arg2_node[0.0048]  arg1_node
none[0.5642]  arg1_node[0.3981]  arg2_node[0.0377]  none
none[0.7331]  arg1_node[0.1387]  arg2_node[0.1282]  none
none[0.9963]  arg1_node[0.0010]  arg2_node[0.0028]  none
none[0.9871]  arg1_node[0.0075]  arg2_node[0.0053]  none
none[0.9963]  arg1_node[0.0010]  arg2_node[0.0028]  none
none[0.5680]  arg1_node[0.0047]  arg2_node[0.4273]  none
none[0.9882]  arg1_node[0.0000]  arg2_node[0.0117]  none
none[0.9882]  arg1_node[0.0000]  arg2_node[0.0117]  none
none[0.9769]  arg1_node[0.0003]  arg2_node[0.0228]  none
none[0.9882]  arg1_node[0.0000]  arg2_node[0.0118]  none
