none[0.9280]  arg1_node[0.0689]  arg2_node[0.0031]  none
none[0.9946]  arg1_node[0.0017]  arg2_node[0.0036]  none
none[0.9280]  arg1_node[0.0689]  arg2_node[0.0031]  none
none[0.9280]  arg1_node[0.0689]  arg2_node[0.0031]  none
none[0.9280]  arg1_node[0.0689]  arg2_node[0.0031]  none
none[0.2723]  arg1_node[0.7246]  arg2_node[0.0031]  arg1_node
none[0.9960]  arg1_node[0.0013]  arg2_node[0.0027]  none
none[0.9597]  arg1_node[0.0386]  arg2_node[0.0017]  none
none[0.9601]  arg1_node[0.0382]  arg2_node[0.0017]  none
none[0.1031]  arg1_node[0.0077]  arg2_node[0.8892]  arg2_node
none[0.6112]  arg1_node[0.0727]  arg2_node[0.3161]  none
none[0.9635]  arg1_node[0.0349]  arg2_node[0.0016]  none
none[0.9635]  arg1_node[0.0349]  arg2_node[0.0016]  none
none[0.9888]  arg1_node[0.0001]  arg2_node[0.0112]  none
none[0.9889]  arg1_node[0.0001]  arg2_node[0.0110]  none
none[0.9894]  arg1_node[0.0001]  arg2_node[0.0106]  none
none[0.9885]  arg1_node[0.0001]  arg2_node[0.0115]  none
