none[0.7473]  arg1_node[0.2519]  arg2_node[0.0007]  none
none[0.9990]  arg1_node[0.0004]  arg2_node[0.0005]  none
none[0.9872]  arg1_node[0.0125]  arg2_node[0.0003]  none
none[0.9872]  arg1_node[0.0124]  arg2_node[0.0003]  none
none[0.6187]  arg1_node[0.3803]  arg2_node[0.0010]  none
none[0.8425]  arg1_node[0.1569]  arg2_node[0.0006]  none
none[0.9512]  arg1_node[0.0447]  arg2_node[0.0041]  none
none[0.9990]  arg1_node[0.0004]  arg2_node[0.0005]  none
none[0.9867]  arg1_node[0.0123]  arg2_node[0.0010]  none
none[0.9878]  arg1_node[0.0119]  arg2_node[0.0003]  none
none[0.0841]  arg1_node[0.0010]  arg2_node[0.9149]  arg2_node
none[0.9977]  arg1_node[0.0000]  arg2_node[0.0023]  none
none[0.9473]  arg1_node[0.0000]  arg2_node[0.0526]  none
none[0.9977]  arg1_node[0.0000]  arg2_node[0.0023]  none
none[0.9977]  arg1_node[0.0000]  arg2_node[0.0023]  none
none[0.9977]  arg1_node[0.0000]  arg2_node[0.0023]  none
none[0.9977]  arg1_node[0.0000]  arg2_node[0.0023]  none
none[0.9433]  arg1_node[0.0561]  arg2_node[0.0006]  none
none[0.9979]  arg1_node[0.0014]  arg2_node[0.0007]  none
none[0.9433]  arg1_node[0.0561]  arg2_node[0.0006]  none
none[0.9746]  arg1_node[0.0251]  arg2_node[0.0003]  none
none[0.9737]  arg1_node[0.0260]  arg2_node[0.0003]  none
none[0.9737]  arg1_node[0.0260]  arg2_node[0.0003]  none
none[0.9169]  arg1_node[0.0826]  arg2_node[0.0005]  none
none[0.9979]  arg1_node[0.0014]  arg2_node[0.0007]  none
none[0.2777]  arg1_node[0.7209]  arg2_node[0.0014]  arg1_node
none[0.9984]  arg1_node[0.0010]  arg2_node[0.0005]  none
none[0.2718]  arg1_node[0.7268]  arg2_node[0.0014]  arg1_node
none[0.9984]  arg1_node[0.0010]  arg2_node[0.0005]  none
none[0.9532]  arg1_node[0.0384]  arg2_node[0.0084]  none
none[0.9761]  arg1_node[0.0236]  arg2_node[0.0003]  none
none[0.9604]  arg1_node[0.0001]  arg2_node[0.0395]  none
none[0.0878]  arg1_node[0.0023]  arg2_node[0.9099]  arg2_node
none[0.9976]  arg1_node[0.0000]  arg2_node[0.0023]  none
