none[0.2320]  arg1_node[0.7634]  arg2_node[0.0046]  arg1_node
none[0.9980]  arg1_node[0.0013]  arg2_node[0.0007]  none
none[0.9614]  arg1_node[0.0355]  arg2_node[0.0031]  none
none[0.9986]  arg1_node[0.0002]  arg2_node[0.0012]  none
none[0.0517]  arg1_node[0.0003]  arg2_node[0.9480]  arg2_node
none[0.9966]  arg1_node[0.0001]  arg2_node[0.0033]  none
none[0.9556]  arg1_node[0.0001]  arg2_node[0.0443]  none
none[0.9983]  arg1_node[0.0001]  arg2_node[0.0016]  none
none[0.9966]  arg1_node[0.0001]  arg2_node[0.0033]  none
none[0.9966]  arg1_node[0.0001]  arg2_node[0.0033]  none
none[0.9966]  arg1_node[0.0001]  arg2_node[0.0033]  none
none[0.9703]  arg1_node[0.0279]  arg2_node[0.0018]  none
none[0.9963]  arg1_node[0.0009]  arg2_node[0.0028]  none
none[0.9703]  arg1_node[0.0279]  arg2_node[0.0018]  none
none[0.5997]  arg1_node[0.3910]  arg2_node[0.0094]  none
none[0.5587]  arg1_node[0.4336]  arg2_node[0.0077]  none
none[0.9963]  arg1_node[0.0009]  arg2_node[0.0028]  none
none[0.9293]  arg1_node[0.0179]  arg2_node[0.0528]  none
none[0.8310]  arg1_node[0.0002]  arg2_node[0.1687]  none
none[0.9880]  arg1_node[0.0000]  arg2_node[0.0120]  none
none[0.9880]  arg1_node[0.0000]  arg2_node[0.0119]  none
none[0.9881]  arg1_node[0.0000]  arg2_node[0.0119]  none
