none[0.4372]  arg1_node[0.5286]  arg2_node[0.0343]  arg1_node
none[0.6538]  arg1_node[0.2120]  arg2_node[0.1343]  none
none[0.9951]  arg1_node[0.0017]  arg2_node[0.0032]  none
none[0.9810]  arg1_node[0.0128]  arg2_node[0.0062]  none
none[0.9951]  arg1_node[0.0017]  arg2_node[0.0032]  none
none[0.5270]  arg1_node[0.0075]  arg2_node[0.4656]  none
none[0.9862]  arg1_node[0.0001]  arg2_node[0.0138]  none
none[0.9728]  arg1_node[0.0006]  arg2_node[0.0266]  none
none[0.9862]  arg1_node[0.0001]  arg2_node[0.0138]  none
none[0.9910]  arg1_node[0.0085]  arg2_node[0.0005]  none
none[0.9979]  arg1_node[0.0014]  arg2_node[0.0007]  none
none[0.9960]  arg1_node[0.0035]  arg2_node[0.0005]  none
none[0.5826]  arg1_node[0.4166]  arg2_node[0.0008]  none
none[0.4455]  arg1_node[0.5519]  arg2_node[0.0026]  arg1_node
none[0.9984]  arg1_node[0.0010]  arg2_node[0.0005]  none
none[0.9016]  arg1_node[0.0972]  arg2_node[0.0011]  none
none[0.9691]  arg1_node[0.0287]  arg2_node[0.0022]  none
none[0.9866]  arg1_node[0.0128]  arg2_node[0.0006]  none
none[0.9580]  arg1_node[0.0414]  arg2_node[0.0006]  none
none[0.9984]  arg1_node[0.0010]  arg2_node[0.0005]  none
none[0.9990]  arg1_node[0.0001]  arg2_node[0.0009]  none
none[0.0715]  arg1_node[0.0003]  arg2_node[0.9282]  arg2_node
none[0.9976]  arg1_node[0.0000]  arg2_node[0.0023]  none
none[0.9681]  arg1_node[0.0001]  arg2_node[0.0318]  none
