none[0.4216]  arg1_node[0.5756]  arg2_node[0.0028]  arg1_node
none[0.9982]  arg1_node[0.0011]  arg2_node[0.0006]  none
none[0.9983]  arg1_node[0.0011]  arg2_node[0.0006]  none
none[0.8927]  arg1_node[0.1060]  arg2_node[0.0013]  none
none[0.9659]  arg1_node[0.0315]  arg2_node[0.0026]  none
none[0.9968]  arg1_node[0.0025]  arg2_node[0.0007]  none
none[0.9949]  arg1_node[0.0044]  arg2_node[0.0007]  none
none[0.9983]  arg1_node[0.0011]  arg2_node[0.0006]  none
none[0.9988]  arg1_node[0.0002]  arg2_node[0.0010]  none
none[0.0625]  arg1_node[0.0003]  arg2_node[0.9372]  arg2_node
none[0.9972]  arg1_node[0.0001]  arg2_node[0.0027]  none
none[0.9634]  arg1_node[0.0001]  arg2_node[0.0366]  none
none[0.9972]  arg1_node[0.0001]  arg2_node[0.0027]  none
none[0.9972]  arg1_node[0.0001]  arg2_node[0.0027]  none
none[0.4372]  arg1_node[0.5286]  arg2_node[0.0343]  arg1_node
none[0.6538]  arg1_node[0.2120]  arg2_node[0.1343]  none
none[0.9951]  arg1_node[0.0017]  arg2_node[0.0032]  none
none[0.9810]  arg1_node[0.0128]  arg2_node[0.0062]  none
none[0.9951]  arg1_node[0.0017]  arg2_node[0.0032]  none
none[0.9951]  arg1_node[0.0017]  arg2_node[0.0032]  none
none[0.5270]  arg1_node[0.0075]  arg2_node[0.4656]  none
none[0.9862]  arg1_node[0.0001]  arg2_node[0.0138]  none
none[0.9728]  arg1_node[0.0006]  arg2_node[0.0266]  none
none[0.9862]  arg1_node[0.0001]  arg2_node[0.0138]  none
none[0.9862]  arg1_node[0.0001]  arg2_node[0.0138]  none
