none[0.9433]  arg1_node[0.0561]  arg2_node[0.0006]  none
none[0.9979]  arg1_node[0.0014]  arg2_node[0.0007]  none
none[0.9433]  arg1_node[0.0561]  arg2_node[0.0006]  none
none[0.9746]  arg1_node[0.0251]  arg2_node[0.0003]  none
none[0.9746]  arg1_node[0.0251]  arg2_node[0.0003]  none
none[0.5848]  arg1_node[0.4145]  arg2_node[0.0008]  none
none[0.9984]  arg1_node[0.0011]  arg2_node[0.0005]  none
none[0.8478]  arg1_node[0.1516]  arg2_node[0.0005]  none
none[0.8098]  arg1_node[0.1782]  arg2_node[0.0120]  none
none[0.9984]  arg1_node[0.0011]  arg2_node[0.0005]  none
none[0.9532]  arg1_node[0.0384]  arg2_node[0.0084]  none
none[0.9761]  arg1_node[0.0236]  arg2_node[0.0003]  none
none[0.9604]  arg1_node[0.0001]  arg2_node[0.0395]  none
none[0.0878]  arg1_node[0.0023]  arg2_node[0.9099]  arg2_node
none[0.9976]  arg1_node[0.0000]  arg2_node[0.0023]  none
none[0.1479]  arg1_node[0.8501]  arg2_node[0.0019]  arg1_node
none[0.9973]  arg1_node[0.0022]  arg2_node[0.0005]  none
none[0.9973]  arg1_node[0.0022]  arg2_node[0.0005]  none
none[0.9375]  arg1_node[0.0605]  arg2_node[0.0020]  none
none[0.9945]  arg1_node[0.0050]  arg2_node[0.0005]  none
none[0.9973]  arg1_node[0.0022]  arg2_node[0.0005]  none
none[0.9989]  arg1_node[0.0003]  arg2_node[0.0008]  none
none[0.0761]  arg1_node[0.0007]  arg2_node[0.9231]  arg2_node
none[0.9977]  arg1_node[0.0001]  arg2_node[0.0022]  none
none[0.9701]  arg1_node[0.0001]  arg2_node[0.0298]  none
none[0.9977]  arg1_node[0.0001]  arg2_node[0.0022]  none
