none[0.3554]  arg1_node[0.6229]  arg2_node[0.0218]  arg1_node
none[0.6133]  arg1_node[0.2882]  arg2_node[0.0985]  none
none[0.9950]  arg1_node[0.0024]  arg2_node[0.0025]  none
none[0.9767]  arg1_node[0.0185]  arg2_node[0.0049]  none
none[0.9950]  arg1_node[0.0025]  arg2_node[0.0025]  none
none[0.9950]  arg1_node[0.0025]  arg2_node[0.0025]  none
none[0.9891]  arg1_node[0.0001]  arg2_node[0.0108]  none
none[0.5842]  arg1_node[0.0120]  arg2_node[0.4038]  none
none[0.9891]  arg1_node[0.0001]  arg2_node[0.0108]  none
none[0.9783]  arg1_node[0.0008]  arg2_node[0.0209]  none
none[0.9891]  arg1_node[0.0001]  arg2_node[0.0108]  none
none[0.9891]  arg1_node[0.0001]  arg2_node[0.0108]  none
none[0.9891]  arg1_node[0.0001]  arg2_node[0.0108]  none
none[0.5926]  arg1_node[0.0576]  arg2_node[0.3499]  none
none[0.5062]  arg1_node[0.4284]  arg2_node[0.0654]  none
none[0.9981]  arg1_node[0.0006]  arg2_node[0.0013]  none
none[0.8837]  arg1_node[0.1077]  arg2_node[0.0085]  none
none[0.9272]  arg1_node[0.0713]  arg2_node[0.0015]  none
none[0.9981]  arg1_node[0.0006]  arg2_node[0.0013]  none
none[0.9833]  arg1_node[0.0160]  arg2_node[0.0008]  none
none[0.6277]  arg1_node[0.0233]  arg2_node[0.3490]  none
none[0.9943]  arg1_node[0.0000]  arg2_node[0.0056]  none
none[0.9552]  arg1_node[0.0051]  arg2_node[0.0397]  none
none[0.9897]  arg1_node[0.0033]  arg2_node[0.0070]  none
none[0.9944]  arg1_node[0.0000]  arg2_node[0.0056]  none
none[0.9944]  arg1_node[0.0000]  arg2_node[0.0056]  none
