none[0.5836]  arg1_node[0.0396]  arg2_node[0.3769]  none
none[0.5774]  arg1_node[0.3410]  arg2_node[0.0816]  none
none[0.9981]  arg1_node[0.0004]  arg2_node[0.0015]  none
none[0.9981]  arg1_node[0.0004]  arg2_node[0.0014]  none
none[0.9127]  arg1_node[0.0776]  arg2_node[0.0096]  none
none[0.9982]  arg1_node[0.0004]  arg2_node[0.0014]  none
none[0.9982]  arg1_node[0.0004]  arg2_node[0.0014]  none
none[0.9975]  arg1_node[0.0006]  arg2_node[0.0019]  none
none[0.9880]  arg1_node[0.0112]  arg2_node[0.0008]  none
none[0.6120]  arg1_node[0.0158]  arg2_node[0.3722]  none
none[0.9938]  arg1_node[0.0000]  arg2_node[0.0062]  none
none[0.9531]  arg1_node[0.0036]  arg2_node[0.0433]  none
none[0.9901]  arg1_node[0.0023]  arg2_node[0.0076]  none
none[0.9917]  arg1_node[0.0000]  arg2_node[0.0083]  none
none[0.9917]  arg1_node[0.0000]  arg2_node[0.0083]  none
none[0.9917]  arg1_node[0.0000]  arg2_node[0.0083]  none
none[0.9917]  arg1_node[0.0000]  arg2_node[0.0083]  none
