none[0.1096]  arg1_node[0.8900]  arg2_node[0.0004]  arg1_node
none[0.9986]  arg1_node[0.0005]  arg2_node[0.0009]  none
none[0.0670]  arg1_node[0.0009]  arg2_node[0.9321]  arg2_node
none[0.9973]  arg1_node[0.0001]  arg2_node[0.0025]  none
none[0.9658]  arg1_node[0.0002]  arg2_node[0.0340]  none
none[0.9973]  arg1_node[0.0001]  arg2_node[0.0025]  none
none[0.9926]  arg1_node[0.0002]  arg2_node[0.0072]  none
none[0.9926]  arg1_node[0.0002]  arg2_node[0.0073]  none
none[0.9973]  arg1_node[0.0001]  arg2_node[0.0025]  none
none[0.9973]  arg1_node[0.0001]  arg2_node[0.0025]  none
none[0.9730]  arg1_node[0.0243]  arg2_node[0.0027]  none
none[0.9973]  arg1_node[0.0001]  arg2_node[0.0025]  none
none[0.9801]  arg1_node[0.0197]  arg2_node[0.0002]  none
none[0.5339]  arg1_node[0.4651]  arg2_node[0.0010]  none
none[0.3095]  arg1_node[0.6864]  arg2_node[0.0040]  arg1_node
none[0.9986]  arg1_node[0.0009]  arg2_node[0.0005]  none
none[0.9737]  arg1_node[0.0242]  arg2_node[0.0021]  none
none[0.9986]  arg1_node[0.0009]  arg2_node[0.0005]  none
none[0.9991]  arg1_node[0.0001]  arg2_node[0.0008]  none
none[0.0770]  arg1_node[0.0003]  arg2_node[0.9227]  arg2_node
none[0.9978]  arg1_node[0.0000]  arg2_node[0.0022]  none
none[0.9705]  arg1_node[0.0000]  arg2_node[0.0294]  none
none[0.9978]  arg1_node[0.0000]  arg2_node[0.0021]  none
none[0.9978]  arg1_node[0.0000]  arg2_node[0.0022]  none
