none[0.4884]  arg1_node[0.5090]  arg2_node[0.0026]  arg1_node
none[0.9986]  arg1_node[0.0009]  arg2_node[0.0005]  none
none[0.9159]  arg1_node[0.0831]  arg2_node[0.0011]  none
none[0.9737]  arg1_node[0.0242]  arg2_node[0.0021]  none
none[0.9986]  arg1_node[0.0009]  arg2_node[0.0005]  none
none[0.9991]  arg1_node[0.0001]  arg2_node[0.0008]  none
none[0.0770]  arg1_node[0.0003]  arg2_node[0.9227]  arg2_node
none[0.9978]  arg1_node[0.0000]  arg2_node[0.0022]  none
none[0.9705]  arg1_node[0.0000]  arg2_node[0.0294]  none
none[0.9978]  arg1_node[0.0000]  arg2_node[0.0022]  none
none[0.9937]  arg1_node[0.0000]  arg2_node[0.0062]  none
none[0.9937]  arg1_node[0.0000]  arg2_node[0.0063]  none
none[0.9978]  arg1_node[0.0000]  arg2_node[0.0022]  none
none[0.9978]  arg1_node[0.0000]  arg2_node[0.0022]  none
none[0.9978]  arg1_node[0.0000]  arg2_node[0.0022]  none
none[0.9978]  arg1_node[0.0000]  arg2_node[0.0022]  none
none[0.9978]  arg1_node[0.0000]  arg2_node[0.0022]  none
none[0.9978]  arg1_node[0.0000]  arg2_node[0.0022]  none
none[0.8395]  arg1_node[0.1598]  arg2_node[0.0007]  none
none[0.9980]  arg1_node[0.0013]  arg2_node[0.0007]  none
none[0.9498]  arg1_node[0.0495]  arg2_node[0.0007]  none
none[0.9700]  arg1_node[0.0296]  arg2_node[0.0003]  none
none[0.9980]  arg1_node[0.0013]  arg2_node[0.0007]  none
none[0.4285]  arg1_node[0.5704]  arg2_node[0.0011]  arg1_node
none[0.2269]  arg1_node[0.7689]  arg2_node[0.0042]  arg1_node
none[0.9980]  arg1_node[0.0013]  arg2_node[0.0007]  none
none[0.9606]  arg1_node[0.0365]  arg2_node[0.0029]  none
none[0.9980]  arg1_node[0.0013]  arg2_node[0.0007]  none
none[0.9987]  arg1_node[0.0002]  arg2_node[0.0012]  none
none[0.0552]  arg1_node[0.0003]  arg2_node[0.9445]  arg2_node
none[0.9968]  arg1_node[0.0001]  arg2_node[0.0031]  none
none[0.9584]  arg1_node[0.0001]  arg2_node[0.0415]  none
none[0.9911]  arg1_node[0.0001]  arg2_node[0.0089]  none
none[0.9910]  arg1_node[0.0001]  arg2_node[0.0089]  none
none[0.9969]  arg1_node[0.0001]  arg2_node[0.0031]  none
none[0.9968]  arg1_node[0.0001]  arg2_node[0.0031]  none
none[0.0563]  arg1_node[0.9330]  arg2_node[0.0107]  arg1_node
none[0.6901]  arg1_node[0.0106]  arg2_node[0.2993]  none
none[0.9983]  arg1_node[0.0009]  arg2_node[0.0008]  none
none[0.9952]  arg1_node[0.0005]  arg2_node[0.0043]  none
none[0.3488]  arg1_node[0.0002]  arg2_node[0.6509]  arg2_node
none[0.9965]  arg1_node[0.0000]  arg2_node[0.0034]  none
none[0.9965]  arg1_node[0.0000]  arg2_node[0.0034]  none
none[0.9816]  arg1_node[0.0000]  arg2_node[0.0184]  none
