none[0.9399]  arg1_node[0.0587]  arg2_node[0.0014]  none
none[0.9399]  arg1_node[0.0587]  arg2_node[0.0014]  none
none[0.9969]  arg1_node[0.0015]  arg2_node[0.0017]  none
none[0.9399]  arg1_node[0.0587]  arg2_node[0.0014]  none
none[0.9567]  arg1_node[0.0423]  arg2_node[0.0010]  none
none[0.9969]  arg1_node[0.0015]  arg2_node[0.0017]  none
none[0.9643]  arg1_node[0.0349]  arg2_node[0.0008]  none
none[0.9712]  arg1_node[0.0281]  arg2_node[0.0007]  none
none[0.9867]  arg1_node[0.0122]  arg2_node[0.0012]  none
none[0.9977]  arg1_node[0.0011]  arg2_node[0.0012]  none
none[0.9677]  arg1_node[0.0320]  arg2_node[0.0003]  none
none[0.6873]  arg1_node[0.0002]  arg2_node[0.3125]  none
none[0.9946]  arg1_node[0.0000]  arg2_node[0.0054]  none
none[0.9945]  arg1_node[0.0000]  arg2_node[0.0054]  none
none[0.9944]  arg1_node[0.0000]  arg2_node[0.0055]  none
none[0.9948]  arg1_node[0.0000]  arg2_node[0.0051]  none
none[0.9928]  arg1_node[0.0001]  arg2_node[0.0071]  none
none[0.9928]  arg1_node[0.0001]  arg2_node[0.0071]  none
