none[0.9439]  arg1_node[0.0555]  arg2_node[0.0006]  none
none[0.9979]  arg1_node[0.0014]  arg2_node[0.0007]  none
none[0.9759]  arg1_node[0.0238]  arg2_node[0.0003]  none
none[0.9759]  arg1_node[0.0238]  arg2_node[0.0003]  none
none[0.9984]  arg1_node[0.0010]  arg2_node[0.0005]  none
none[0.9743]  arg1_node[0.0254]  arg2_node[0.0003]  none
none[0.9741]  arg1_node[0.0256]  arg2_node[0.0003]  none
none[0.9984]  arg1_node[0.0010]  arg2_node[0.0005]  none
none[0.9128]  arg1_node[0.0866]  arg2_node[0.0005]  none
none[0.9984]  arg1_node[0.0010]  arg2_node[0.0005]  none
none[0.7174]  arg1_node[0.2819]  arg2_node[0.0007]  none
none[0.9457]  arg1_node[0.0538]  arg2_node[0.0005]  none
none[0.4455]  arg1_node[0.5519]  arg2_node[0.0026]  arg1_node
none[0.9016]  arg1_node[0.0972]  arg2_node[0.0011]  none
none[0.9691]  arg1_node[0.0287]  arg2_node[0.0022]  none
none[0.9971]  arg1_node[0.0023]  arg2_node[0.0006]  none
none[0.9990]  arg1_node[0.0001]  arg2_node[0.0009]  none
none[0.0715]  arg1_node[0.0003]  arg2_node[0.9282]  arg2_node
none[0.9976]  arg1_node[0.0000]  arg2_node[0.0023]  none
none[0.9681]  arg1_node[0.0001]  arg2_node[0.0318]  none
none[0.9976]  arg1_node[0.0000]  arg2_node[0.0024]  none
none[0.9976]  arg1_node[0.0000]  arg2_node[0.0023]  none
none[0.9976]  arg1_node[0.0000]  arg2_node[0.0023]  none
