none[0.4156]  arg1_node[0.5572]  arg2_node[0.0272]  arg1_node
none[0.6532]  arg1_node[0.2348]  arg2_node[0.1119]  none
none[0.9954]  arg1_node[0.0019]  arg2_node[0.0027]  none
none[0.9806]  arg1_node[0.0142]  arg2_node[0.0052]  none
none[0.9954]  arg1_node[0.0019]  arg2_node[0.0027]  none
none[0.5704]  arg1_node[0.0090]  arg2_node[0.4206]  none
none[0.9884]  arg1_node[0.0001]  arg2_node[0.0115]  none
none[0.9771]  arg1_node[0.0006]  arg2_node[0.0223]  none
none[0.9883]  arg1_node[0.0001]  arg2_node[0.0116]  none
none[0.9885]  arg1_node[0.0001]  arg2_node[0.0114]  none
none[0.9884]  arg1_node[0.0001]  arg2_node[0.0116]  none
none[0.9883]  arg1_node[0.0001]  arg2_node[0.0116]  none
none[0.9884]  arg1_node[0.0001]  arg2_node[0.0115]  none
none[0.9884]  arg1_node[0.0001]  arg2_node[0.0115]  none
