none[0.9579]  arg1_node[0.0366]  arg2_node[0.0055]  none
none[0.9949]  arg1_node[0.0017]  arg2_node[0.0034]  none
none[0.9655]  arg1_node[0.0331]  arg2_node[0.0014]  none
none[0.5038]  arg1_node[0.4647]  arg2_node[0.0315]  none
none[0.7086]  arg1_node[0.1753]  arg2_node[0.1161]  none
none[0.9961]  arg1_node[0.0013]  arg2_node[0.0026]  none
none[0.9852]  arg1_node[0.0098]  arg2_node[0.0050]  none
none[0.1743]  arg1_node[0.0000]  arg2_node[0.8256]  arg2_node
none[0.9894]  arg1_node[0.0001]  arg2_node[0.0106]  none
none[0.9891]  arg1_node[0.0001]  arg2_node[0.0108]  none
none[0.9891]  arg1_node[0.0001]  arg2_node[0.0108]  none
none[0.9891]  arg1_node[0.0001]  arg2_node[0.0108]  none
none[0.9891]  arg1_node[0.0001]  arg2_node[0.0108]  none
none[0.9888]  arg1_node[0.0001]  arg2_node[0.0111]  none
