none[0.9724]  arg1_node[0.0270]  arg2_node[0.0007]  none
none[0.9977]  arg1_node[0.0011]  arg2_node[0.0012]  none
none[0.9724]  arg1_node[0.0270]  arg2_node[0.0007]  none
none[0.9718]  arg1_node[0.0276]  arg2_node[0.0007]  none
none[0.9706]  arg1_node[0.0287]  arg2_node[0.0007]  none
none[0.9712]  arg1_node[0.0281]  arg2_node[0.0007]  none
none[0.9867]  arg1_node[0.0122]  arg2_node[0.0012]  none
none[0.9977]  arg1_node[0.0011]  arg2_node[0.0012]  none
none[0.9677]  arg1_node[0.0320]  arg2_node[0.0003]  none
none[0.6873]  arg1_node[0.0002]  arg2_node[0.3125]  none
none[0.9946]  arg1_node[0.0000]  arg2_node[0.0054]  none
none[0.9945]  arg1_node[0.0000]  arg2_node[0.0054]  none
none[0.9945]  arg1_node[0.0000]  arg2_node[0.0054]  none
none[0.9945]  arg1_node[0.0000]  arg2_node[0.0055]  none
none[0.9945]  arg1_node[0.0000]  arg2_node[0.0055]  none
none[0.9947]  arg1_node[0.0000]  arg2_node[0.0052]  none
none[0.9945]  arg1_node[0.0000]  arg2_node[0.0055]  none
none[0.9944]  arg1_node[0.0000]  arg2_node[0.0055]  none
none[0.9439]  arg1_node[0.0555]  arg2_node[0.0006]  none
none[0.9979]  arg1_node[0.0014]  arg2_node[0.0007]  none
none[0.9783]  arg1_node[0.0215]  arg2_node[0.0002]  none
none[0.9763]  arg1_node[0.0234]  arg2_node[0.0003]  none
none[0.8705]  arg1_node[0.1289]  arg2_node[0.0005]  none
none[0.9605]  arg1_node[0.0390]  arg2_node[0.0005]  none
none[0.9765]  arg1_node[0.0232]  arg2_node[0.0003]  none
none[0.9984]  arg1_node[0.0010]  arg2_node[0.0005]  none
none[0.4908]  arg1_node[0.5083]  arg2_node[0.0010]  arg1_node
none[0.2739]  arg1_node[0.7222]  arg2_node[0.0039]  arg1_node
none[0.9984]  arg1_node[0.0010]  arg2_node[0.0005]  none
none[0.9691]  arg1_node[0.0287]  arg2_node[0.0022]  none
none[0.9984]  arg1_node[0.0010]  arg2_node[0.0005]  none
none[0.9990]  arg1_node[0.0001]  arg2_node[0.0009]  none
none[0.0715]  arg1_node[0.0003]  arg2_node[0.9282]  arg2_node
none[0.9976]  arg1_node[0.0000]  arg2_node[0.0023]  none
none[0.9681]  arg1_node[0.0001]  arg2_node[0.0318]  none
none[0.9976]  arg1_node[0.0000]  arg2_node[0.0023]  none
