none[0.9550]  arg1_node[0.0424]  arg2_node[0.0027]  none
none[0.2230]  arg1_node[0.0800]  arg2_node[0.6970]  arg2_node
none[0.6697]  arg1_node[0.3276]  arg2_node[0.0027]  none
none[0.9969]  arg1_node[0.0008]  arg2_node[0.0023]  none
none[0.6373]  arg1_node[0.0361]  arg2_node[0.3265]  none
none[0.8640]  arg1_node[0.0257]  arg2_node[0.1103]  none
none[0.4149]  arg1_node[0.5706]  arg2_node[0.0145]  arg1_node
none[0.2991]  arg1_node[0.0436]  arg2_node[0.6573]  arg2_node
none[0.6335]  arg1_node[0.0361]  arg2_node[0.3304]  none
none[0.9970]  arg1_node[0.0008]  arg2_node[0.0023]  none
none[0.9895]  arg1_node[0.0009]  arg2_node[0.0096]  none
none[0.9970]  arg1_node[0.0008]  arg2_node[0.0023]  none
none[0.9778]  arg1_node[0.0208]  arg2_node[0.0013]  none
none[0.9869]  arg1_node[0.0000]  arg2_node[0.0131]  none
none[0.9869]  arg1_node[0.0000]  arg2_node[0.0131]  none
none[0.9869]  arg1_node[0.0000]  arg2_node[0.0131]  none
none[0.9869]  arg1_node[0.0000]  arg2_node[0.0131]  none
